,Nome,Tamanho,Fucinho,Peso,Coloração,Alimentação,Região
0,3,6.0,2,1000.0,5,0,3
1,3,5.8,2,997.15,2,6,3
2,3,6.7,1,1200.0,1,5,3
3,3,6.4,1,1400.0,2,6,3
4,3,6.0,1,850.2,5,5,3
5,3,7.5,1,1485.0,2,5,3
6,3,6.2,1,1150.0,1,0,3
7,3,6.1,1,1050.0,5,6,3
8,3,6.2,1,1155.0,1,1,3
9,3,6.3,2,1300.0,2,0,3
10,3,7.0,1,1260.0,1,1,3
11,3,7.1,1,980.0,5,6,3
12,3,6.8,1,1100.0,2,0,3
13,3,6.9,1,1000.0,1,6,3
14,3,7.3,2,1200.0,5,0,3
15,3,7.0,1,1285.0,2,5,3
16,3,6.5,1,1360.5,5,0,3
17,3,7.6,1,1430.0,1,6,3
18,3,7.0,1,1374.0,2,0,3
19,3,7.5,2,1455.0,5,5,3
20,3,8.0,1,1500.0,2,0,3
21,3,6.5,1,1200.0,1,6,3
22,3,7.4,1,1390.4,5,5,3
23,3,7.0,2,1395.0,1,1,3
24,3,6.4,2,1450.0,5,5,3
25,3,8.0,1,1400.0,1,0,3
26,3,7.0,1,1300.0,5,6,3
27,3,6.5,2,1380.0,5,0,3
28,3,8.0,1,1400.0,1,5,3
29,3,7.6,2,1250.0,5,0,3
30,3,6.9,1,1110.5,1,5,3
31,3,6.7,2,1275.2,1,0,3
32,3,6.8,1,1370.0,5,6,3
33,3,7.5,2,1555.0,2,1,3
34,3,6.0,2,1378.0,1,6,3
35,3,6.3,1,1420.0,2,0,3
36,3,7.2,1,1400.0,1,1,3
37,3,7.1,2,1435.0,2,6,3
38,3,6.2,1,1550.0,5,0,3
39,3,6.1,1,1620.0,1,6,3
40,3,7.2,2,1685.0,2,0,3
41,2,4.0,1,400.0,3,5,0
42,2,4.3,1,425.5,5,4,0
43,2,4.7,1,442.2,3,2,0
44,2,4.0,1,400.0,5,2,0
45,2,4.5,1,375.0,3,5,0
46,2,3.9,2,400.0,2,2,0
47,2,4.2,2,485.5,5,2,0
48,2,3.1,1,370.2,2,4,0
49,2,3.2,1,320.0,5,5,0
50,2,3.3,2,300.0,2,5,0
51,2,3.4,1,355.0,5,4,0
52,2,3.5,2,382.2,2,5,0
53,2,3.6,2,400.0,5,2,0
54,2,3.7,1,400.0,3,5,0
55,2,3.8,2,420.0,5,5,0
56,2,3.8,1,405.0,2,4,0
57,2,3.6,0,340.0,3,5,0
58,2,4.1,1,355.0,5,2,0
59,2,4.2,0,360.0,2,5,0
60,2,4.3,1,445.2,5,5,0
61,2,4.4,2,440.0,5,4,0
62,2,3.0,2,385.0,3,2,0
63,2,4.2,1,326.2,2,5,0
64,2,4.0,2,428.6,5,5,0
65,2,4.7,1,360.2,2,2,0
66,2,3.6,2,397.3,2,4,0
67,2,4.5,2,385.4,3,5,0
68,2,4.0,1,425.0,5,2,0
69,2,4.2,1,420.2,3,5,0
70,2,4.1,2,380.0,5,4,0
71,2,4.0,0,460.0,3,2,0
72,2,4.3,2,425.0,2,5,0
73,2,4.2,2,437.5,5,4,0
74,2,4.6,2,400.0,2,5,0
75,2,4.4,1,470.0,3,2,0
76,2,4.5,2,378.0,2,5,0
77,2,4.4,2,395.0,5,5,0
78,2,4.3,1,455.0,5,2,0
79,2,4.2,2,400.5,3,5,0
80,2,3.8,1,418.0,2,2,0
81,2,3.9,2,420.0,3,4,0
82,1,3.0,2,300.0,0,5,1
83,1,2.6,2,320.67,3,4,1
84,1,3.3,2,290.0,4,4,1
85,1,3.0,0,335.4,0,5,1
86,1,2.8,0,384.0,4,5,1
87,1,3.2,2,275.0,4,4,1
88,1,2.9,0,345.2,0,5,1
89,1,3.0,2,310.0,4,4,1
90,1,3.1,2,325.5,0,5,1
91,1,3.2,2,330.0,4,5,1
92,1,3.3,0,345.0,0,2,1
93,1,3.0,2,350.0,3,4,1
94,1,3.4,2,360.0,4,2,1
95,1,3.7,2,300.0,0,5,1
96,1,3.8,2,310.0,3,4,1
97,1,3.5,0,297.5,4,2,1
98,1,3.4,0,340.0,0,4,1
99,1,3.3,2,365.2,3,4,1
100,1,3.0,2,300.0,4,5,1
101,1,3.6,0,370.0,4,2,1
102,1,3.4,0,288.0,0,5,1
103,1,2.9,2,340.0,0,4,1
104,1,2.8,0,355.0,4,5,1
105,1,3.0,2,329.0,3,4,1
106,1,3.6,0,330.0,0,2,1
107,1,3.8,2,367.0,4,2,1
108,1,3.6,0,376.0,2,4,1
109,1,3.7,2,328.0,0,2,1
110,1,2.9,0,282.0,2,4,1
111,1,3.0,0,305.0,4,2,1
112,1,3.3,2,355.5,0,5,1
113,1,3.6,0,370.0,4,4,1
114,1,2.8,0,326.8,0,2,1
115,1,3.5,0,318.0,4,4,1
116,1,3.4,2,305.0,3,2,1
117,1,2.9,0,300.0,4,4,1
118,1,3.0,0,295.0,2,5,1
119,1,3.3,0,315.5,4,4,1
120,1,3.2,2,320.2,2,2,1
121,1,3.1,0,310.0,4,5,1
122,1,3.6,2,300.5,3,4,1
123,0,3.5,0,400.0,3,1,2
124,0,3.8,0,432.0,2,1,2
125,0,3.4,2,349.45,3,3,2
126,0,3.0,2,415.0,2,3,2
127,0,3.5,2,410.0,2,5,2
128,0,3.7,0,372.0,3,3,2
129,0,3.4,0,420.0,2,3,2
130,0,2.5,2,285.0,3,1,2
131,0,2.6,2,290.0,2,3,2
132,0,2.7,0,285.0,3,3,2
133,0,2.9,2,310.0,2,1,2
134,0,2.8,0,325.0,3,1,2
135,0,3.0,0,324.0,2,3,2
136,0,3.5,2,320.5,2,5,2
137,0,3.6,2,400.0,3,1,2
138,0,3.7,2,372.0,0,1,2
139,0,3.8,0,475.5,3,3,2
140,0,3.9,2,460.0,5,1,2
141,0,3.7,0,430.0,3,5,2
142,0,3.0,0,300.0,5,3,2
143,0,3.2,2,307.0,2,1,2
144,0,2.9,0,370.0,3,5,2
145,0,2.8,2,410.0,0,3,2
146,0,2.7,2,390.0,5,5,2
147,0,3.0,0,395.2,3,5,2
148,0,2.3,0,420.0,2,3,2
149,0,2.2,2,400.0,5,3,2
150,0,3.9,0,370.5,3,1,2
151,0,3.7,2,280.4,5,3,2
152,0,2.7,0,275.0,3,5,2
153,0,2.6,2,285.0,0,5,2
154,0,2.5,0,295.0,5,5,2
155,0,3.7,2,300.0,3,3,2
156,0,3.5,0,315.0,5,3,2
157,0,3.3,2,326.0,2,5,2
158,0,3.2,0,336.0,3,3,2
159,0,3.1,2,340.0,5,3,2
160,0,3.0,0,300.0,3,1,2
161,0,2.9,0,285.0,2,3,2
162,0,2.8,2,270.0,5,1,2
163,0,3.1,0,290.0,3,1,2
